[NUMBER]
POINT_NUM=11
BRANCH_NUM=0
SWITCH_BACK_NUM=0
DEVICE_NUM=4
DEVICE_SOUCE_NUM=3
START_PART_NUM=2
OPERATION_NUM=0
[POINT]
X_0000=0.000000
Y_0000=0.000000
TEXT_POS_X_0000=0
TEXT_POS_Y_0000=0
DISTANCE_0000=0.000000
DISTANCE_X_0000=0.000000
DISTANCE_Y_0000=0.000000
PREPOINT_0000=0
NEXTPOINT_0000=0
X_0001=698.000000
Y_0001=170.000000
TEXT_POS_X_0001=383
TEXT_POS_Y_0001=426
DISTANCE_0001=0.000000
DISTANCE_X_0001=18.000000
DISTANCE_Y_0001=-8.000000
PREPOINT_0001=1
NEXTPOINT_0001=2
X_0002=678.000441
Y_0002=170.132887
TEXT_POS_X_0002=688
TEXT_POS_Y_0002=170
DISTANCE_0002=20.000000
DISTANCE_X_0002=-19.999559
DISTANCE_Y_0002=0.132887
PREPOINT_0002=1
NEXTPOINT_0002=3
X_0003=588.002460
Y_0003=170.735770
TEXT_POS_X_0003=633
TEXT_POS_Y_0003=170
DISTANCE_0003=90.000000
DISTANCE_X_0003=-89.997981
DISTANCE_Y_0003=0.602883
PREPOINT_0003=2
NEXTPOINT_0003=4
X_0004=488.002809
Y_0004=170.999993
TEXT_POS_X_0004=538
TEXT_POS_Y_0004=170
DISTANCE_0004=100.000000
DISTANCE_X_0004=-99.999651
DISTANCE_Y_0004=0.264222
PREPOINT_0004=3
NEXTPOINT_0004=5
X_0005=344.912896
Y_0005=216.003067
TEXT_POS_X_0005=416
TEXT_POS_Y_0005=193
DISTANCE_0005=150.000000
DISTANCE_X_0005=-143.089913
DISTANCE_Y_0005=45.003075
PREPOINT_0005=4
NEXTPOINT_0005=6
X_0006=201.634502
Y_0006=171.603721
TEXT_POS_X_0006=273
TEXT_POS_Y_0006=193
DISTANCE_0006=150.000000
DISTANCE_X_0006=-143.278394
DISTANCE_Y_0006=-44.399346
PREPOINT_0006=5
NEXTPOINT_0006=7
X_0007=151.785864
Y_0007=167.716139
TEXT_POS_X_0007=176
TEXT_POS_Y_0007=169
DISTANCE_0007=50.000000
DISTANCE_X_0007=-49.848638
DISTANCE_Y_0007=-3.887582
PREPOINT_0007=6
NEXTPOINT_0007=8
X_0008=101.786151
Y_0008=167.546649
TEXT_POS_X_0008=126
TEXT_POS_Y_0008=167
DISTANCE_0008=50.000000
DISTANCE_X_0008=-49.999713
DISTANCE_Y_0008=-0.169490
PREPOINT_0008=7
NEXTPOINT_0008=0
X_0009=345.268295
Y_0009=233.999558
TEXT_POS_X_0009=345
TEXT_POS_Y_0009=225
DISTANCE_0009=18.000000
DISTANCE_X_0009=0.355399
DISTANCE_Y_0009=17.996491
PREPOINT_0009=5
NEXTPOINT_0009=10
X_0010=344.999953
Y_0010=263.998358
TEXT_POS_X_0010=345
TEXT_POS_Y_0010=248
DISTANCE_0010=30.000000
DISTANCE_X_0010=-0.268342
DISTANCE_Y_0010=29.998800
PREPOINT_0010=9
NEXTPOINT_0010=0
[START_PART]
ID_0000=0
POINT_0000=2
NAME_0000=DF-In
DIS_X_0000=42.999559
DIS_Y_0000=-31.132887
ID_0001=254
POINT_0001=9
NAME_0001=DF-Fold1
DIS_X_0001=70.642399
DIS_Y_0001=54.529446
[DEVICE]
TYPE_0000=1
NAME_0000=motor1
POINT_0000=2
SIZE_0000=15
SOUCE_0000=-1
DIS_X_0000=-0.000441
DIS_Y_0000=8.867113
DRIVE_TYPE_0000=0
TYPE_0001=1
NAME_0001=motor1
POINT_0001=4
SIZE_0001=15
SOUCE_0001=-1
DIS_X_0001=-0.001891
DIS_Y_0001=8.762606
DRIVE_TYPE_0001=0
TYPE_0002=1
NAME_0002=motor2
POINT_0002=7
SIZE_0002=15
SOUCE_0002=-1
DIS_X_0002=-0.008517
DIS_Y_0002=8.658881
DRIVE_TYPE_0002=0
TYPE_0003=1
NAME_0003=FoldMotor
POINT_0003=9
SIZE_0003=25
SOUCE_0003=-1
DIS_X_0003=12.642399
DIS_Y_0003=-0.470553
DRIVE_TYPE_0003=0
[DRIVE_SOUCE]
ID_0000=0
NAME_0000=motor1
ID_0001=3
NAME_0001=motor2
ID_0002=3
NAME_0002=FoldMotor
